0 2635 2713 2437 1600 2845 6002 1743 594 2182 2906 1658 464 3334 3987 2870 2601 330 3049 1302
2635 0 314 2636 666 1096 4645 693 2889 287 772 1135 2875 1424 2185 1193 846 2142 1127 3104
2713 314 0 2730 706 791 4588 922 2991 217 760 1050 2915 1119 1776 1451 5410 2182 846 3333
2437 2636 2730 0 2824 3457 6083 2120 2040 2844 2973 3937 1958 3710 4363 2941 3207 1991 3512 1571
1600 666 706 2824 0 1247 4746 716 2223 584 1442 694 2089 1577 2230 1609 1003 1260 1297 2535
2845 1096 791 3457 1247 0 5126 1653 3545 708 1298 1342 3451 347 1126 1989 250 2736 138 3786
6002 4645 4588 6083 4746 5126 0 4267 6553 4826 3830 5951 6417 5423 6089 3142 4876 5676 5181 6678
1743 693 922 2120 716 1653 4267 0 2296 923 1175 1282 2162 1906 2559 1133 1352 1422 1651 2423
594 2889 2991 2040 2223 3545 6553 2296 0 2869 3459 2366 147 3741 4399 3417 3163 924 3462 681
2182 287 217 2844 584 708 4826 923 2869 0 1004 781 2793 1036 1694 1694 458 1844 757 3125
2906 772 760 2973 1442 1298 3830 1175 3459 1004 0 2128 3322 1609 2266 693 1041 2585 1353 3586
1658 1135 1050 3937 694 1342 5951 1282 2366 781 2128 0 2265 1695 2353 2819 1117 1557 1416 2636
464 2875 2915 1958 2089 3451 6417 2162 147 2793 3322 2265 0 3607 4265 3283 3029 931 3328 817
3334 1424 1119 3710 1577 347 5423 1906 3741 1036 1609 1695 3607 0 665 2300 578 2845 474 4116
3987 2185 1776 4363 2230 1126 6089 2559 4399 1694 2266 2353 4265 665 0 2957 1236 3706 992 4774
2870 1193 1451 2941 1609 1989 3142 1133 3417 1694 693 2819 3283 2300 2957 0 1734 2543 2044 3544
2601 846 5410 3207 1003 250 4876 1352 3163 458 1041 1117 3029 578 1236 1734 0 2267 300 3542
330 2142 2182 1991 1260 2736 5676 1422 924 1844 2585 1557 931 2845 3706 2543 2267 0 2566 1273
3049 1127 846 3512 1297 138 5181 1651 3462 757 1353 1416 3328 474 992 2044 300 2566 0 3841
1302 3104 3333 1571 2535 3786 6678 2423 681 3125 3586 2636 817 4116 4774 3544 3542 1273 3841 0
